5m horseshoe equatorial
E
+33.356111
  6.330566 +30.152204  6.340084 +30.170576
  0.187975 -33.082993  0.199617 -33.063655
  1.817108  +9.797865  1.830450  +9.815605
  0.932983 +30.092176  0.943706 +30.109825
  4.246641 +43.190534  4.252812 +43.208557
 -0.903671 +64.534515 -0.908105 +64.552274
 -0.975370 +72.244827 -0.992047 +72.262280
-29.393268 -35.193621-29.385345 -35.172365
-30.707625 -23.862841-30.695530 -23.841759
-26.926145  +8.100249-26.908568  +8.119452
-26.641203 +38.479857-26.621855 +38.498960
-29.010604 +33.623810-28.990506 +33.642903
-31.510512 +64.143904-31.490691 +64.163869
-42.139281 +72.937927-42.112251 +72.959309
-38.390348 +68.027694-38.366379 +68.048758
 29.367355 -32.304612 29.380939 -32.282602
 31.031175 -19.094576 31.044064 -19.072935
 34.028030 -26.969881 34.041389 -26.947197
 30.706696 +10.061126 30.715560 +10.081001
 30.180421  +5.177215 30.190396  +5.196938
 30.779403 +39.316740 30.777952 +39.336213
 32.599608 +30.151824 32.601739 +30.171639
 30.252607 +36.587935 30.252789 +36.607634
 30.406736 +70.472138 30.362036 +70.491850
 27.783523 +71.219649 27.738483 +71.238896
-58.965242  +0.350891-58.949171  +0.376665
-60.362687  +5.997069-60.345117  +6.023019
-63.123125 +12.439194-63.103627 +12.465565
-58.200928 +32.224455-58.176387 +32.249419
-57.758241 +42.511641-57.731245 +42.536560
-60.441390 +35.730238-60.416332 +35.755686
-57.101805 +71.259138-57.065391 +71.283088
-64.085325 +65.077652-64.049703 +65.103536
 59.485749 +11.238419 59.491611 +11.266372
 63.401807 +40.187744 63.394207 +40.216417
 61.675943 +74.876724 61.588668 +74.903913
 59.097881 +61.757416 59.063332 +61.783703
  1.947325 +30.766812  1.957668 +30.784955
  1.983704 +30.766812  1.994047 +30.784950
